8
1 500 1000 200 42 777 13 99
-2.363479
4.929651
0.892156
-7.988497
-3.924523
-8.084687
-7.457349
2.247489
-4.090594
-3.419919
-7.415348
-8.236615
5.596204
4.811280
4.804270
-4.108282
0.422198
1.305449
1.087715
-1.654621
0.042194
0.302389
-3.566955
-3.255274
-1.032382
-1.434993
5.986535
3.147933
-8.605439
-7.798985
-7.988497
0.598515
-8.095536
0.176434
-0.181574
-0.194882
-0.871554
-3.174567
-0.860799
-1.100265
-0.220765
-1.408407
0.085437
-0.010533
-0.890471
-1.030317
-1.391385
-1.000206
0.439660
-1.051036
-1.701059
0.757638
-0.806464
-2.655055
0.219125
-2.328908
-2.157533
0.149277
-0.376161
-7.921778
-6.998711
-7.943060
-8.074315
-6.736875
-7.435364
2.471893
-0.111197
4.043401
2.335759
5.161286
3.469063
0.717194
1.909569
2.275764
2.665118
-0.591740
2.098721
2.230423
3.082689
1.020785
2.278728
-8.131281
2.076925
3.979205
-0.104442
-1.138949
2.868194
-0.057248
-1.013458
6.233686
1.206197
-8.551814
-8.112532
-7.860620
-7.174604
-8.564691
-8.478672
-8.412329
-7.690114
-7.459305
-0.651022
-8.451333
-8.054009
-3.800714
-7.769147
-8.047030
-8.331000
-7.800696
-8.370451
-8.015616
-7.711319
-7.592834
-8.519154
-7.168202
-7.962037
-8.132382
-8.452235
-8.064888
-7.966807
-8.096156
-8.384893
-8.171530
-7.977652
-7.999346
-7.999346
-8.427496
-8.078426
-5.794413
-3.093154
-7.515648
-7.999640
-8.037310
-8.026511
-8.015616
-8.553673
-8.411579
-8.134368
-8.115913
-8.666408
-8.467301
-7.700509
-7.751397
-8.438865
-8.379251
-8.171530
-8.501901
-7.587702
-8.128908
-7.590714
-7.993923
-8.450243
-8.363877
-8.112532
-8.332431
-7.881966
-8.166007
-8.037695
-8.010190
-8.576675
-8.170990
-8.349235
-8.031885
-7.865959
-8.021038
-8.530662
-7.768297
-8.642833
-8.154955
-8.226782
-7.633874
-8.486525
-7.977652
-7.895274
-8.237714
-8.457018
-8.839528
-7.955958
-8.421807
-7.913988
-7.881966
-8.026461
-8.513402
-8.096156
-8.367920
-8.451333
-7.983077
-7.793696
-8.154530
-8.455933
-7.881966
-8.117993
-7.897977
-8.079775
-8.326839
-8.081201
-8.107073
-7.666554
-8.031885
-8.519154
-0.453832
-7.774345
-8.519154
-7.945112
-8.421807
-8.026343
-8.519154
-8.176175
-8.379251
-8.078616
-8.014770
-8.107073
-8.052480
-7.844613
-7.983077
-7.913988
-8.270838
-8.165064
-8.315637
-7.719578
-8.565173
-8.563847
-1.110118
-8.207853
-8.472985
-7.750453
-8.433185
-8.496144
-7.999346
-7.826274
-8.648831
-8.362256
-7.893956
-7.514686
-7.819123
-7.065073
-8.021038
-8.332431
-8.073743
-8.461609
-7.788405
-7.934541
-8.574988
-1.580442
-2.968189
-7.871296
-8.430236
-7.961380
-2.674398
-8.048153
-7.821777
-7.999346
-8.444556
-7.950610
-7.950586
-7.887303
-5.314279
-7.553573
-0.363568
-0.395573
2.235580
1.629155
2.078583
0.472044
1.734907
2.898603
5.100703
3.362192
-1.945480
1.288730
-1.401681
-2.111099
1.812176
-0.130983
-1.120851
0.587880
-0.943984
0.033131
-1.588160
3.361609
1.086724
3.415101
-1.135862
-0.532970
-0.786354
2.405086
0.343699
-0.599026
3.185284
0.032128
0.091276
1.564029
-2.319902
-1.479587
-1.809171
-1.593499
-2.879639
-0.640399
-1.454872
3.309026
-2.554162
0.246987
-2.736701
2.434935
1.212720
-1.448855
-1.460296
-0.930222
3.035442
2.650089
-0.316994
0.330510
-2.579345
2.805971
-1.684427
-1.366701
1.464437
0.254513
3.557796
-1.082416
0.018004
-5.094605
-3.336921
1.707130
-4.501749
1.619440
-1.796866
-0.645034
-0.563052
-1.703778
-1.834131
-0.926132
-2.243309
-1.661541
-2.123083
-0.759499
0.394917
-0.418097
1.600158
1.229008
0.854325
-0.811433
-2.163085
-3.709545
3.510969
3.604860
-2.585481
1.980544
1.712039
3.766255
-0.794949
-0.180165
-0.167084
-0.970954
0.185105
1.791908
-1.993384
-0.280850
-2.729465
-4.000407
4.362470
-2.427476
0.955716
-4.018281
0.242629
-5.637539
-0.197205
0.480769
-1.775495
-1.316371
-0.368082
3.666870
0.756901
-0.826709
-1.919626
2.714902
0.945277
1.181312
-6.232363
-8.452422
-8.026461
-8.427496
-7.774345
-2.818666
-4.977035
-1.418018
1.222768
-0.806966
-2.427680
-5.520895
-3.246294
-1.042385
-1.219072
-2.123003
1.448405
-2.748527
-1.044531
2.855883
-0.313051
-2.642374
-0.843208
-3.549564
2.608778
-0.597600
-1.682669
0.405144
-1.688072
-2.783042
4.370137
-6.129216
-1.083049
-1.671001
-4.216837
0.695458
-1.656125
-2.369680
-2.997391
1.422308
-6.312049
-1.556642
-0.564033
-0.952840
-0.338060
3.031923
-0.734045
-2.669642
-0.662629
2.220908
-5.267385
0.121668
-2.900106
-3.366836
-0.816956
0.117949
-2.998939
-2.002990
-1.745688
-1.946006
-4.029365
4.420323
0.129615
-0.433478
0.511930
-0.601745
2.707240
-0.351503
-1.596097
-0.076908
-3.892541
-5.084441
-0.162324
-3.431266
0.963917
-2.812660
-2.587201
-0.157351
3.102366
1.932246
-2.900343
-1.529167
-1.479625
-4.537476
0.230790
-2.015310
-3.839253
-3.405268
2.215557
-4.338332
-7.763444
-2.264522
-4.295702
5.021127
0.205096
-1.933483
-1.802433
-1.667660
1.203244
2.463320
-2.193658
-7.162339
-2.035144
-0.795591
3.441838
-2.414750
-1.110715
-3.767731
-2.659690
-1.150987
1.686479
-3.645272
-2.283727
-1.226609
0.188911
-1.872292
-1.833080
2.549792
-1.898780
-6.222918
-3.244213
-1.898951
-4.160919
-1.682036
-1.287721
-1.858874
0.936582
-5.007764
0.095008
-1.961061
-2.313223
-5.586952
-3.720021
-2.415427
0.987596
-2.735385
0.833538
-2.005665
1.692393
1.975888
-0.241111
-4.548067
-4.106924
-1.394727
-5.878999
-1.838911
-3.717788
0.176766
-0.072060
0.366519
-5.499385
-0.756397
-2.233433
-1.280207
-1.326615
2.509264
-2.856367
-1.623704
0.968447
-7.735633
-0.532429
-3.032966
0.234332
1.229223
-3.505920
-1.249861
-4.408431
-2.577804
-1.870768
-1.932868
-2.568108
-3.407929
-2.914875
0.433002
-1.577491
-2.189302
-1.335905
-4.683998
-1.799576
-1.778637
2.225557
-3.641945
-0.782242
-0.968909
4.280905
-0.263423
-3.081746
-0.908316
-0.318425
0.396275
3.356075
-3.028021
0.008226
-3.271857
-0.432586
-0.857798
-2.021087
-5.103552
-1.147040
-2.081726
-3.670607
-1.983163
-2.105779
5.661302
-0.279951
7.412732
-3.126428
-2.943158
-0.133356
-2.101166
-1.255057
1.879522
-0.045273
-2.377508
0.043228
-1.455682
-1.145437
-5.363726
-3.079905
0.863120
-1.712009
2.772110
-0.736848
-5.262007
-3.137193
-3.283149
-0.665161
-2.875370
-0.596810
-4.332188
-3.850944
-3.555321
-6.265431
0.830785
1.457621
-0.991398
1.591948
-0.962684
-2.827012
0.011072
-2.233902
-4.809580
-2.894207
3.351614
0.615831
0.398807
-2.694545
-3.676785
-2.326043
-1.556582
-3.811690
-1.244136
1.013200
-1.279949
-5.157598
2.869673
-1.629765
0.412984
-2.750432
-5.466218
-6.361092
-5.181305
-5.782751
-4.284258
2.245963
0.604171
2.372513
-0.917257
-2.565138
0.029968
1.206922
-1.637183
0.192360
0.480998
0.919664
-0.393702
0.137455
-4.243799
0.335439
-1.877882
-2.978937
-1.328128
-1.189110
-4.072162
-2.371499
-2.936312
-0.196248
0.638246
-4.058541
2.433307
-1.571060
3.283757
2.412251
2.311518
-0.687549
-2.127135
-1.071852
-4.791043
-0.266975
-3.036024
-1.236886
-1.360450
-0.977397
-2.530631
-1.150759
0.203184
-2.530818
-8.115831
-2.265649
-0.784735
-4.193353
-2.050781
-1.189337
-1.243625
-3.710839
0.167265
1.059800
-0.606259
-6.046724
-0.146446
-2.551725
-0.819844
-4.350557
-1.868132
-1.927048
-2.583656
-2.388345
-1.288862
-2.926087
-2.944952
-4.073642
-1.760611
1.675206
-0.992910
-1.193609
-0.205538
-0.882159
-8.349235
-3.988112
-3.860863
-0.803189
-2.835543
-0.413007
-7.958625
1.075172
-2.606179
0.199863
-1.570337
-4.735279
-2.628212
3.335294
-1.557094
0.488214
-1.353337
-1.156215
-4.789637
-2.673534
-0.990335
0.081964
-2.773200
-2.535127
-0.769600
-2.715017
-0.995035
-4.136871
4.574661
-5.727071
-1.361222
3.002747
-4.029183
-3.856689
-0.631584
1.942210
0.312636
-1.328636
3.827528
-1.528569
-4.484752
-3.661784
-3.529054
1.718623
0.607273
-4.079355
-3.087192
-4.211260
-3.657961
-2.343866
-1.606145
-3.216081
-4.259290
5.631135
-0.354996
-1.673176
1.163413
0.862284
2.445731
-0.397626
0.405294
2.128213
1.020441
-2.370890
-3.074335
-0.164295
2.346797
-4.138543
-3.360606
-2.361939
-0.747488
0.246914
-0.763043
-2.579174
1.280268
-6.979342
-1.941962
-6.054953
-2.913910
-0.959713
0.837652
0.602612
-2.543482
3.358202
-2.560377
-1.024902
-2.565478
0.426030
-2.226043
-1.226462
-3.734748
-3.692333
-3.538955
-5.037260
0.252656
0.598369
-3.535806
2.859710
-2.950320
-3.871349
-0.789455
-6.250954
-4.301595
-4.909938
-1.845240
-2.220546
-3.515894
-0.221660
-5.926130
-0.006956
-0.944608
0.432418
-3.415558
-0.232812
-6.415593
-2.107151
-1.573940
-3.716103
-1.477461
-3.060298
-0.396815
0.148976
2.281025
-2.358043
-0.029613
1.796241
0.091642
0.669856
-0.624254
-4.264273
-0.380037
1.308937
-1.316341
1.080526
1.379509
-2.591205
-4.025749
-0.211531
-0.451213
1.911821
-8.096156
-2.366346
-0.152763
-1.706821
-6.183789
-2.017993
-1.829257
0.523202
-1.237074
-2.633668
-5.117789
2.122247
-2.843016
-1.527100
-1.992392
-0.787933
-2.213984
-1.119049
-1.996655
-3.182975
-0.060732
-1.381739
2.359784
-7.834866
-1.919449
-0.578448
-2.636546
-4.297953
-3.114469
-2.432641
-3.130885
-3.102785
-2.491177
-0.573393
-5.526682
-3.653134
-4.976737
-2.935779
-3.406231
-0.094473
-0.851590
-1.393149
-1.702799
0.071998
-1.989086
-1.652377
-3.327857
-0.864123
1.406957
-0.814749
4.008134
-0.508519
-2.461897
-3.457878
-1.395374
-2.288142
0.065557
-1.887679
-1.973627
3.392879
-2.054315
-3.266028
-4.161862
-2.435948
-2.768712
-1.743759
-3.307066
-2.005757
-2.474128
1.328926
-3.279516
-2.594806
-2.674594
-4.388946
-2.819831
-0.075461
-1.087661
-2.729828
-7.232963
-3.190657
-2.384020
-3.407310
-0.598228
-5.799749
0.279227
-2.455714
-2.327808
-4.243379
1.179981
-2.061279
0.231331
-2.357194
-2.828102
0.753937
-4.049057
-1.591144
-5.560079
-3.492916
1.222301
-4.845259
-3.173114
-2.241613
-2.114594
-0.629278
-2.662986
-4.033652
-2.838392
-2.482455
-0.564627
-1.658325
-4.582226
-3.898127
2.679497
-8.208830
-6.383149
-3.565782
-2.480485
-0.403600
-3.932003
1.638584
0.340953
-4.236433
-2.080672
-1.921547
-4.491828
-6.711065
-1.388780
-5.184687
1.674230
-2.337798
1.174163
0.147837
2.568520
-2.477776
-3.169319
-0.297906
0.622611
-0.373788
1.869890
0.978320
-4.121200
-4.730925
-5.956774
-2.276824
-2.728680
-0.659130
-3.212882
-4.943245
-3.510329
-1.586014
-0.060702
-3.603328
-2.256882
-1.804627
-3.991918
-0.722417
-0.872797
-3.669262
-3.897184
-1.586905
0.235775
-3.229299
-3.782974
-3.170970
-4.233271
0.346290
0.828870
-0.705571
-0.978298
-2.582690
1.749806
-4.097271
-0.129785
-2.874546
-3.970668
-5.519569
-3.050534
2.283221
-3.718355
-4.721968
-3.852945
-0.144581
2.173415
1.185350
-4.564497
-3.577756
-1.534312
1.792312
-0.695385
-4.168190
-4.094117
-0.440099
-4.316099
-2.012253
-1.972580
-0.238531
-0.837662
-7.436096
-1.859987
0.530636
2.135972
-1.777347
-0.178708
-5.013551
-2.708054
-4.265970
-8.418865
-4.982213
-3.866448
0.025096
-1.199485
-4.705941
-2.662066
-2.731855
-2.630998
-2.258461
-4.515245
2.069804
-5.902455
-2.959193
-2.833471
-2.276304
-2.969807
-4.082283
-1.966245
-4.080001
-2.698989
-3.057330
-4.634031
-0.321586
-4.146385
-4.214185
-3.779456
-2.423714
-3.330096
-2.720309
-1.498123
-0.820166
-5.101430
-6.848801
-6.510644
-3.048553
-0.160490
0.098355
-0.483423
-7.899601
-1.200269
-5.207469
-6.983408
-7.012042
0.505114
-3.779763
-1.387024
-0.763857
-1.191691
-4.317418
-0.759510
-2.528398
-2.083404
0.313871
-0.057398
-4.469868
-0.110807
-3.151401
-1.974156
-5.353053
-2.482518
-0.134369
-0.756246
1.353587
-4.491558
-3.650332
1.073534
-1.151954
-1.325160
-2.378265
0.322675
-7.352790
0.892810
1.003495
-2.684748
-2.142362
-1.333614
-0.826129
-0.621914
-2.082195
2.158342
-0.699439
0.114908
-1.950805
-5.804668
-0.926302
-2.055676
0.090381
1.036633
-0.644898
-0.413575
1.117283
-2.044210
-1.395672
-3.681474
1.507524
-7.125554
-2.423680
-0.959449
-2.483670
-4.259243
-4.877913
-2.074953
-0.260148
-1.589013
-3.312552
-6.119329
-0.003069
-2.848406
-2.995738
-0.693275
-2.666337
-4.144533
-1.862405
-2.053306
-2.654092
-7.568163
-1.022037
-1.776982
2.712797
-2.577641
-3.724076
-0.547976
-1.872289
-1.471963
-3.310470
-8.154955
-1.012293
-1.510343
-2.255183
-2.382134
-1.468147
-1.667146
-1.807781
-0.061101
-1.555999
-0.991384
-0.154935
0.970002
-2.804590
0.365575
-3.784162
-1.264711
-7.988497
-1.021940
2.013839
-5.383223
-1.841875
0.709260
-0.398221
-4.508982
-0.171242
-0.861220
-3.608555
-2.098911
-0.936608
0.442595
0.012378
-3.712710
-2.885238
-1.645272
-3.895911
-1.445015
-1.938228
-0.704498
-2.758857
-3.131409
-0.796053
-5.082111
-4.955727
-3.167429
-2.857383
-4.812058
-3.795744
-1.041887
-2.125878
-2.835275
-3.635128
-4.977016
-1.234273
-3.796659
-3.922723
-0.885969
-1.931479
-1.017759
-8.374125
-4.404550
0.697581
-0.530951
-3.337755
-3.329930
-4.908569
-3.086939
-5.765005
-7.620017
-1.407577
0.327489
-0.505919
-1.703785
-1.495606
-1.549430
-2.644064
-4.287851
-4.107127
-1.399009
-0.923467
-3.480717
-2.302639
-1.502099
-0.816347
-3.659730
-3.617817
0.098097
-0.289016
-2.710431
-0.120289
-3.392147
-3.509831
-0.976830
-8.396250
-0.263047
-1.812180
-2.216851
-5.754232
-4.139069
-3.524635
-3.023897
-8.134368
4.023948
-0.195438
-2.201675
-3.772307
2.766134
-0.143805
-0.769288
-0.892917
-1.277369
-6.108047
-7.294892
-1.049707
-1.263430
-1.700173
-0.926244
-2.156345
-5.441369
-2.351249
-4.690532
0.365198
-3.312223
-2.709668
-2.619890
-1.189180
-1.834831
0.181208
-8.313277
-2.486801
-1.134939
-2.155273
-2.740360
-1.787606
-3.642248
-6.027911
0.367511
1.291609
-0.586222
0.561412
-1.828115
-0.955526
1.032790
-0.183904
1.108645
-2.722883
-3.152408
-1.479860
0.656617
-2.020762
-2.616738
-3.767037
-3.500424
-0.517645
-1.538470
-3.520968
-2.871738
-2.317171
1.067024
-6.157447
-4.006552
-2.479350
-1.863485
-2.767112
1.998937
-0.660649
0.502480
2.011603
-3.769878
0.376070
2.354879
-2.818470
-2.660070
-2.497746
-0.024190
-0.731114
-2.637121
-0.364720
-4.113552
-4.367349
-1.044504
1.822414
-0.226125
-3.667902
-3.798793
-2.564008
-1.859655
-5.042428
-1.730123
0.785272
-2.627662
-2.047337
-0.268006
-4.662719
-1.201038
-2.964761
-5.671160
2.708650
-2.842336
0.062583
-1.419717
-3.607929
-9.208752
-3.380635
-4.088528
-6.882401
-4.073636
-2.691664
-1.909651
-3.221628
-2.326986
-3.241548
-1.499028
-4.560575
-1.693458
-1.962342
0.872739
0.835246
-3.713005
-3.159454
-3.819065
0.067735
-2.959131
-2.505149
-2.643647
-1.831933
-1.532916
-1.394212
-2.979482
-2.481119
-4.181925
-0.517113
-3.181881
-3.084333
5.582423
-2.910684
-4.885694
-5.200871
0.646884
-0.967685
-0.925980
-3.159871
-0.443769
0.033497
-2.012163
-3.609022
-5.679512
-2.167174
-5.843512
1.915566
-3.441838
-2.861298
-0.545385
-8.567473
-3.259480
-4.093606
-8.496144
-1.667236
-5.266384
1.445017
-4.787344
-1.495556
-0.775799
-4.628627
-1.158542
-4.779542
-1.068881
-0.556003
1.588876
-5.710229
-3.500105
-2.596483
1.197019
0.272535
-1.134311
-3.907859
-0.851492
-0.434516
-4.415851
-0.838642
0.019112
-2.022755
-1.767907
0.305287
-1.268049
3.715948
-2.569588
2.661104
-2.582152
-3.858349
-0.696086
-0.745565
-1.797731
-0.392684
-2.701965
-3.269430
-1.043036
-5.518187
-2.346327
-0.899280
-3.742223
-6.618649
-5.888468
-0.002931
-3.068159
-1.406678
-4.376414
-0.359775
0.465449
-3.770521
-0.159604
-0.102727
-4.820042
1.278779
-5.381123
-6.861456
-1.239323
-2.200019
-0.384137
-3.221201
2.403459
-5.143720
3.649529
0.244443
0.290132
-2.393032
-0.008286
-3.260446
-1.613316
-3.927450
-0.767393
-1.069027
-1.465738
-3.533812
-3.430861
-3.464129
0.401364
1.229351
-1.150951
-0.124748
-2.632936
-2.151246
-1.448921
-0.335683
-1.430454
-4.667122
-4.750345
-1.234616
-1.863098
-4.782826
-1.532532
-3.560257
-4.124415
-0.899195
-0.549396
-1.481233
-1.693433
4.380021
-4.337519
-1.321710
-4.049854
-0.593839
-2.765982
0.640245
-2.285447
-3.287179
-3.211745
-4.341531
-1.490453
-4.741331
-5.954361
-2.537734
-1.116324
-1.577389
-3.684201
-2.029551
-1.383473
-3.256779
-0.305356
-3.458850
-0.224492
0.117171
-5.118829
-2.911194
-4.213251
-1.101398
-3.591549
-0.471867
0.177766
-2.648896
-1.612156
-1.719328
-3.274052
-3.644213
3.697530
-3.147689
2.376449
-1.269117
-1.305544
-2.317621
-0.529053
-1.995614
-0.954538
-2.447835
-2.114156
-2.876488
-0.983873
-4.665348
1.811335
-4.428662
-1.503164
-3.556991
-6.671830
-0.735263
-0.369588
-2.594455
-1.120925
-2.511817
-4.943031
0.851808
1.662994
-3.600769
-5.324149
-1.681700
-6.265505
-0.216180
-0.153831
2.197724
-1.648494
-3.421489
-0.736594
-3.582501
-1.922204
0.380375
-2.104047
-2.795094
-0.732769
-3.710822
-2.502726
-4.091934
-1.156516
-1.674884
1.002181
-0.016397
-5.331105
-1.806663
-2.689951
-0.273095
-1.230205
-0.516542
-3.639490
0.239648
-4.997790
-0.129547
-4.613286
-2.563881
2.045563
-0.177625
-6.505043
-4.757907
-4.217111
-1.934667
2.222040
-2.147788
0.369465
0.034948
0.352969
-1.554554
-1.778317
-3.334626
-2.840059
-3.031969
0.823952
-1.860464
-2.679507
-1.313278
-4.148112
-4.101056
1.464732
-1.559166
-0.017201
-6.090806
-4.778028
1.210366
2.223116
-2.720810
-2.379901
-1.963439
-1.307443
-3.903889
-1.821768
-3.931988
-2.911925
-5.350319
-1.935095
-4.236904
0.118352
-3.478080
-2.221127
-1.989663
-1.012043
1.080084
-2.043098
-2.734895
-2.969946
-1.789110
-1.632078
1.506664
-1.285523
-3.276860
-0.407743
-1.696824
-2.265999
-1.401974
-1.240104
-4.140917
-0.139761
-8.118594
1.913900
-1.655795
-0.383047
0.316292
-2.048465
-0.442211
-3.338216
1.913430
-1.155215
-1.663335
-1.765535
-4.973458
1.083290
-4.322867
-2.571634
-2.058955
-2.538016
-5.038426
-1.436517
1.482743
-4.160608
-0.157263
-0.309496
-3.697851
-3.007988
-4.708417
-5.146139
-0.294013
-0.348968
-2.283304
-0.579956
-1.880562
-4.697930
1.288439
-1.577525
-0.818999
-2.635626
-3.809182
-4.848484
-4.723038
-4.179344
-1.786594
-4.254874
-4.975088
-4.147667
0.969663
-4.140557
1.164002
-4.660539
-2.131657
-3.252365
-3.221220
-2.875728
0.321552
1.028065
-2.166879
-2.471764
-1.420096
-1.472418
-3.137178
-1.975005
-2.253506
-2.499563
0.620119
-1.853700
0.047288
-3.016828
-1.536068
-4.768670
1.673191
-2.282001
-0.061227
-1.727141
-2.378723
-3.536451
-0.862612
-3.079568
-2.424032
-1.212420
-1.398613
-2.801242
-0.267300
-1.435416
-0.468276
-4.011018
-1.478355
-4.375375
-1.293402
1.304388
-3.607569
0.007674
0.245392
0.327770
-1.554946
-1.470123
0.197842
-4.281154
-1.957364
-3.146932
-3.055554
-1.102566
-2.826550
0.714178
-1.594552
-7.205374
-1.559674
-2.397016
-7.754418
-3.291207
-2.267951
-4.540468
0.743368
-0.170166
-2.171593
-2.491563
-3.842898
-2.599988
-2.353385
-1.312710
-1.992858
-2.847656
-2.549629
-1.062104
-0.074337
-7.913579
-1.071731
-4.977166
-2.071973
-1.777670
-0.700304
0.004389
-5.516366
-2.745442
-2.055086
1.441381
1.825913
-2.592898
-1.589261
-0.787142
-2.954909
-4.705511
-0.289816
-1.499822
-0.042945
-2.786052
-4.178298
-3.351130
1.425440
-0.845782
-2.862751
-2.905511
-0.539848
-4.755270
-2.844716
0.212706
-3.417027
-0.717498
-1.458839
0.078321
-0.916800
-3.286638
-5.193101
-0.795614
0.027157
-0.527332
-3.798707
-3.161677
-1.128633
0.170391
-4.712582
-0.514602
-1.390292
0.660703
-6.331879
-0.383805
-3.420354
-0.984498
-2.592037
-1.795795
-1.830507
-1.960355
-5.611771
-1.884509
-2.581027
-7.452806
-0.248149
-1.020185
-0.740771
-0.405436
-3.257280
-2.882949
-2.624589
-7.414974
-1.058726
-0.470903
2.043476
0.540060
-0.265961
-0.195782
-0.419707
-3.395979
-3.894477
1.672093
-1.126349
-4.155658
-4.208625
-0.151800
-1.958356
-0.694699
-2.466902
-2.699867
-2.161838
-1.883313
-5.215396
-3.712574
-3.439155
-3.677771
-3.269497
-1.206365
-0.483825
-3.871575
-1.329961
-1.875548
-3.505143
-5.195594
-1.416465
-4.112652
1.964340
-7.584759
-5.290561
-7.877189
-2.833371
-4.784740
-1.140141
-0.645864
-2.700910
-3.641043
-4.619706
1.142876
-0.560092
-1.756297
1.393304
-3.823925
-3.720992
-2.890973
-0.276035
-5.622555
-1.478706
-4.405826
-3.168553
-4.569580
-0.954680
0.711704
-8.382455
0.779786
-5.085135
-4.431499
-7.452615
-1.429057
0.361633
-1.109454
-2.474073
-1.618801
-4.178235
-3.928490
-1.992833
-0.920204
-2.177742
-2.609378
-2.370167
-3.227069
-2.010017
0.074904
-3.556139
1.717246
-3.127447
1.046350
-4.710334
-0.061214
-2.170042
-1.779081
0.791311
-5.408771
-4.381361
-1.120949
-2.924891
-2.869504
2.181309
-0.451771
-1.249038
-1.416139
-0.720347
-0.071416
0.038978
-3.937484
0.087711
-2.709910
-0.974298
-4.443070
-6.618831
-4.821206
-6.795979
-5.853293
-1.567359
-1.648750
-1.544782
-2.423615
-0.381399
-2.348442
-0.903075
-2.524768
-5.084282
1.491540
-6.650928
-7.881966
-1.118096
-4.416078
-1.616832
0.770659
-1.302513
-1.404825
-2.449144
-3.795271
-2.043173
-3.146896
-1.789134
-6.608248
3.049904
1.780808
0.900504
-6.244492
-6.276673
-2.334431
-1.171279
-2.231928
-3.794916
-5.269525
-2.365812
0.708360
-2.923394
-0.547224
-0.644044
-3.135747
0.248403
-4.552552
-2.823437
-1.012100
-4.437738
-0.530629
0.301810
-3.252108
-3.342216
-1.180147
-5.515062
-3.228196
-1.461409
1.053971
0.547647
-2.061922
0.301341
-0.361388
-3.499905
-3.742247
-3.743961
-3.421549
0.585110
-2.505672
0.836612
-5.765750
-2.304665
-0.660689
-3.271524
-4.444815
-3.074372
-4.041930
-3.219674
0.312286
-3.788439
-4.180603
-5.863441
-0.386325
-3.420002
-1.839517
-2.636357
-3.064779
-2.759808
-2.984545
-3.629805
-6.063238
-1.261949
-0.597571
-2.002761
-3.363289
-2.539878
-3.916836
-3.603372
1.260778
-2.987149
0.623563
-2.222300
0.586866
-5.182032
-0.191689
-5.386927
1.672186
-4.529174
-0.508150
-4.409678
-4.498516
-2.786661
-3.887357
0.410133
-8.036145
-4.471352
-3.219418
1.281983
-0.904037
-2.842412
1.229997
0.996736
-1.183921
-1.961965
-2.849734
-1.175029
1.011911
-1.222620
-3.625303
-3.306713
-4.493423
-3.891433
-1.942675
2.684657
-1.336255
-2.897658
-3.264758
-3.634425
-4.144127
-3.411241
-3.096357
-6.524685
1.973412
-1.020482
-5.137073
-3.061696
-2.567227
-2.902600
-2.181193
-4.849080
-2.618261
-3.036829
0.696408
-2.689954
-4.907084
-4.685186
-0.748933
-2.389398
-7.517579
-0.828108
-1.586629
-1.289615
-2.697360
-7.199578
-3.861617
-3.122360
1.981698
-4.944797
-2.020951
-3.482989
-5.164137
-2.227145
-0.067553
-2.507829
-4.129653
0.094732
-3.371958
-0.689916
-1.500416
-3.120167
-2.642443
-2.593644
-1.273150
5.121644
-7.503245
-2.012960
0.301429
-0.673160
-2.878999
-4.412758
-0.296337
-1.719569
-3.653574
-3.615508
-4.825017
-2.960914
-4.441345
-4.056432
-1.191064
-2.426125
-2.873891
-0.730704
-0.693001
-1.659098
-1.855840
-2.887689
-2.092202
-1.063729
-2.560762
0.504977
-3.240906
-1.325892
-3.104281
-1.841096
-0.967742
-4.188011
1.398618
0.391369
-2.563366
-3.167629
-1.027012
-2.642899
-2.226744
-1.145188
-5.886246
-1.862414
-0.343169
2.398167
-1.016579
-4.333793
-1.035929
-3.336234
-2.829177
-2.608132
-2.230335
-3.459800
-0.411600
-1.954479
-2.198721
-3.024185
-2.851470
-2.851288
-6.343172
0.317946
-3.701767
-2.930701
-2.472726
1.912453
-1.375432
-1.291558
-2.758341
-2.621047
-4.055687
-1.175365
-8.286336
-1.504588
-4.436236
-2.339337
-2.792895
-2.436463
0.805329
-1.987651
-4.081331
-3.029650
-1.640398
-0.351090
0.130101
-0.784545
-1.645309
-3.831488
-0.906878
-1.577306
-0.888183
-3.335781
-4.117190
-1.160458
0.157910
-3.004734
-1.686309
-2.805931
-1.130734
-4.736113
-7.586952
-0.578159
-6.912194
-1.529371
-2.116811
-1.069927
-1.572989
-0.585123
-4.367982
-3.335034
-2.887477
-5.382523
-0.605284
0.028128
-1.294534
-7.701877
-1.420634
-2.058011
-1.490308
1.389006
-5.219614
-7.275084
1.098800
-3.049351
-5.191573
-4.718887
-1.397085
-0.501528
-2.928173
-3.228892
1.041926
-1.572490
-3.054787
1.864635
-2.715888
-3.449628
0.397836
-2.982459
-4.308359
-4.362287
-1.723495
-4.009850
-2.283062
1.006802
-1.036554
1.303975
-2.058881
-3.113801
-4.355323
0.349756
-2.317123
-1.792313
2.860996
-4.427991
-0.642481
-4.754166
-2.520566
-5.290338
-1.875950
-4.250688
-3.582914
-1.600138
-1.764801
-2.172660
-2.516348
-0.309607
-1.949335
-2.489020
-2.926232
-2.074474
-1.486808
-4.435895
-3.561021
-3.435456
-2.322198
-2.637003
-1.230335
-4.867052
-3.804821
-3.791205
-4.197420
-0.252248
-3.981563
-4.476595
-1.287382
-3.098348
-2.359517
-0.673768
-1.484684
0.098494
-1.017992
-1.680875
-2.205591
-1.140446
1.318815
-2.738602
-4.554974
-2.631867
-0.309315
-2.226342
-3.483160
-3.946675
-4.581663
-2.637048
-4.828689
-3.854530
0.534526
-2.053375
-2.856493
-4.568757
-1.753611
-1.129965
-5.969792
-3.523205
-2.275160
-1.266219
-0.691607
-1.683369
-2.722018
-2.468617
-4.960565
-6.265818
-3.425709
-7.167201
-1.584537
-2.989809
-5.116544
-0.973000
-0.055983
-2.244343
0.743663
-1.428465
-2.628906
-1.992389
-2.763036
2.986265
-2.441382
0.102567
-2.522730
-5.156645
-1.948215
-7.388476
0.233525
-1.477759
-2.738266
-1.995310
-0.572240
-0.355847
-2.801143
-8.021624
-7.131869
-2.557852
-5.223484
-2.827180
-5.124283
-1.362314
-3.652448
-3.214600
-3.454584
-0.055245
-4.101556
-0.977545
-3.289623
-2.113862
-2.976364
-1.394264
-1.735679
-2.228684
-0.443095
-3.743005
-1.411928
-6.140647
-1.484568
0.388554
-4.746111
2.184853
-2.753916
-3.283511
-3.480994
0.747141
-0.757564
-5.574268
-2.580369
-3.101034
-4.390367
0.903302
-1.354266
-2.646693
-3.907899
-1.997553
-1.534461
-1.993512
-1.270836
-1.225441
-3.685848
-4.325409
-3.830164
-4.488182
-1.792737
-1.241181
-4.650561
-4.798618
-0.620688
-2.641078
-4.231760
-2.294741
-1.213847
0.316542
-2.618470
-6.038006
-3.317590
-6.982699
-0.608167
0.978835
-1.950545
-0.421991
-1.055977
-2.077227
-3.992389
-2.211675
-2.927975
-1.506157
-2.062812
-1.539560
1.177185
-1.809486
0.443642
-2.428541
-2.906324
-1.593395
-2.545523
1.554399
-7.510066
-1.609177
-2.376131
-4.992106
-2.534937
-3.152704
-1.707715
0.517176
-2.061106
-0.188274
2.528327
-2.748706
-3.926918
-2.257300
0.649132
0.873817
-2.267823
-3.471907
-2.088538
-1.608572
-6.936754
-1.225370
2.375582
-1.995464
-3.610896
-3.599045
-2.855272
-4.117838
-3.035755
-3.745354
-5.101207
-2.466744
-0.802819
-3.684465
-3.142512
-2.499999
-2.533572
-1.092055
-2.759251
0.643659
-1.072787
2.100219
-3.327943
-1.686846
-2.416191
-0.311650
-2.613040
-3.357634
-1.855707
-2.260688
-3.817911
-1.230102
-0.963843
-4.065913
-0.152945
-2.431863
-2.822970
-1.627207
-5.672851
-5.331897
-1.834540
-6.155102
-7.293299
-3.486521
-4.090789
-2.932822
-3.912243
0.111602
0.901737
1.471970
-0.117226
-2.949187
0.451978
-4.000706
-1.814776
-1.901965
-3.190567
-0.381583
-2.133653
-1.897520
-3.729167
-1.834446
-0.684443
-5.238602
-6.109101
-4.086161
-3.561184
-5.293114
-4.210241
-3.003097
-3.218678
-2.103289
-0.559869
0.958790
-5.299606
-0.454214
-2.955207
0.212196
-4.521591
0.792285
-4.512828
-0.363125
-1.966825
-2.360469
0.295878
0.411068
-4.537365
-5.880915
-2.289507
-3.528489
-1.722965
-6.499421
0.340214
-7.130926
-3.073433
-0.070577
-3.604680
-6.375380
-4.815355
-4.601654
-1.494730
-1.149849
-4.417933
-3.259047
-2.552252
-2.228337
1.065598
-2.036481
-1.810861
-1.866226
-3.262437
-1.342733
-1.737175
-3.378450
-0.478069
-3.574874
-3.826644
0.691932
-3.105662
-8.015616
-4.247155
-2.429856
0.067755
-2.345540
-4.518347
-2.028589
-3.193515
-7.627175
-4.619277
-3.657616
-1.143792
-1.833448
-3.389947
-1.745605
-2.339387
-1.282473
-2.862732
-2.371191
-4.558827
-0.291092
-1.807294
-2.678573
-2.520868
0.693037
-4.668034
-1.518622
0.136878
-3.197417
-3.319818
-1.535270
-3.707402
-1.402959
-0.619853
-3.724128
-1.167911
-3.542058
-3.242499
-0.868909
-2.354321
-0.717339
-2.388738
-2.075201
-2.196413
-4.997322
-4.539715
-3.903588
-2.923671
-3.757180
-1.481846
-5.144106
-3.574891
-1.550915
0.483651
-2.366282
-0.031310
-3.351235
-4.970172
-2.136379
-3.677171
-3.714219
-4.805995
-2.693048
-1.801669
-0.217401
-1.727209
-0.597124
-0.079693
-1.757490
-2.517728
-2.180287
0.142436
-1.265636
1.175441
-3.470755
-2.644543
-0.426286
-1.730003
-3.330939
-3.731290
-0.687965
-4.235597
-0.118303
-3.119722
-5.352033
-1.474925
-0.884439
-0.394023
-1.755536
-2.599240
-1.766601
-0.997861
-1.158156
-1.404370
1.448436
0.699295
-4.003396
-0.671152
-3.065179
0.479387
-1.537313
-1.219711
-8.252617
-2.800276
-3.043110
-1.103244
-1.168664
-1.689140
0.462975
-1.477317
-6.076252
-5.947870
-0.477028
-5.193923
0.825082
-3.437038
-0.988805
-1.135922
-4.924408
-3.650182
-3.542442
-1.503656
-2.324599
-1.267092
-1.131592
-3.473517
-0.869760
-3.095054
0.927906
-2.425951
-0.556058
-1.369982
-4.533270
-5.065739
-2.421509
-2.462778
-3.996552
-3.317900
-3.003444
-1.595117
-3.736596
-1.667961
-3.120063
-3.609729
-5.735348
-2.605170
-2.337579
-4.079537
-1.997699
-1.807411
-0.116053
-2.636590
0.084905
-2.773809
-3.859015
-2.424890
-2.236287
-2.609516
-2.326683
-3.188944
-4.038019
-2.573618
-4.096810
-2.218739
3.270797
-4.195779
-4.100075
-1.926090
-1.730095
-0.665913
-1.036662
-0.066276
-1.918963
-3.931206
-0.466638
-5.675861
-0.028246
-3.910779
-2.488093
-1.013553
-2.495922
0.074237
-2.322908
-3.740473
-3.687227
-3.323500
-3.298932
-4.394617
-3.483251
-1.238981
-1.917121
-3.287124
-2.207291
1.904102
-7.945916
-2.280651
-3.452923
0.668037
2.761729
-1.021581
-4.728729
-3.131224
0.074404
-2.791856
-2.572432
-3.224790
1.363829
0.173538
-1.733011
-5.204179
-7.971323
-2.702566
-3.401089
-1.817558
-1.687325
-2.740137
-4.131691
-1.429633
-1.698492
-4.494502
-4.402110
-1.073129
0.081581
-2.054779
-3.527221
-2.302296
-1.216243
-4.119153
-4.517251
-5.007807
-4.411968
-3.814346
-2.737581
-3.913303
-1.568451
-3.895784
-4.867558
-2.494432
-3.975595
-0.446336
-3.072326
-1.920580
-1.490013
-3.326027
-1.838833
-3.458816
-2.739879
-0.384296
-0.519132
-2.280524
-2.229918
-3.051472
-0.583094
-3.256640
-1.954152
-4.767627
-2.804211
-3.276790
-5.476318
-8.701567
-3.040056
-4.152832
-0.710221
-2.303133
-5.316283
-0.066909
-1.913900
-2.840333
-3.047222
-0.926898
-1.258497
-1.690422
-0.913646
-8.006506
-4.390099
-3.776419
-3.063135
-5.020552
-1.615228
-7.530628
-3.021567
-2.979892
0.131971
-2.894232
-4.002868
-0.460411
-3.784994
-3.340251
-7.505083
-1.756014
2.535767
-3.398059
-0.415288
-7.679800
-0.924653
-3.043827
-2.384820
-2.427749
-0.645620
-4.812976
-4.747767
-3.946280
-3.353809
-1.923575
-4.533699
-1.063134
-4.674723
-2.120894
-0.908313
-2.898843
-1.416884
-3.433391
0.369257
-1.996161
-2.692436
0.191532
-1.943802
-3.828166
-1.215810
-3.196046
-4.261458
-4.170464
-1.580332
2.443466
-1.925770
-2.601224
-6.543320
-1.569493
-2.643012
0.563210
-0.541892
-1.392574
-1.283922
-1.912965
-2.121076
-3.461141
-8.328714
-2.279338
-3.854754
-4.256562
-5.012100
-0.981856
-0.595434
-3.464011
-2.771461
-2.052946
-3.658034
0.398047
-0.433663
-1.465697
-5.252778
-1.305537
-3.692465
-2.062059
-2.078592
-5.048430
-1.321403
-2.053295
-1.550204
-2.122626
0.447619
-4.308394
-1.193633
0.367048
-1.719522
-6.798160
-0.629888
0.132942
-3.119504
-3.503466
-0.972004
-1.483407
-2.390485
-6.109467
-3.402380
-7.966023
-4.167870
-3.520614
1.356226
-1.285832
-4.594922
-5.036655
-3.973155
-3.424368
-2.521657
-1.509170
-1.221088
-0.662250
-2.419708
-4.777742
-5.802063
-4.066454
-0.294765
-2.996516
-2.589051
-3.287455
-2.246921
-1.483780
0.262046
-3.465618
1.984615
-0.271339
-0.822591
-5.321007
-0.741239
0.102994
-0.800636
-5.926564
-0.621507
-2.594210
-1.423901
-1.982083
-2.632205
-1.109120
-4.981382
-1.016543
-3.878277
-1.838678
-5.574785
-3.588445
1.660462
0.861398
-3.571128
-3.619313
-2.163262
-0.903007
-4.171162
-3.770316
0.166960
-2.818298
-5.609682
-3.189728
-0.268039
-4.371797
-2.816134
-1.485921
-6.458178
4.522570
0.854533
-3.095640
-4.953753
-3.364642
-2.918629
-6.462824
-5.006745
-2.626345
-0.472155
-2.396322
-4.175649
0.808242
-1.278645
-2.456963
-2.991277
0.191723
-2.243428
0.006184
-1.993528
-3.936419
-0.899219
-5.399462
0.136611
-0.770122
-1.690895
-0.540166
-2.199642
-1.268966
0.277197
0.956719
-1.914515
-4.622345
-2.053315
-7.384308
2.148612
-2.206906
0.472708
-1.342416
0.109217
-5.931961
-1.294705
-4.135185
0.725659
-3.033172
-3.658374
-2.935508
-3.668443
-1.191032
-6.719440
-4.295033
-2.110373
-4.658312
-3.428352
-1.898232
-3.058977
-0.740532
-5.112224
-2.307449
-4.702281
-3.195455
-3.240557
-0.429336
-1.045095
-2.330461
-7.317246
-1.031696
-0.714712
-2.345756
-1.856584
0.764443
-5.082427
-1.660138
-4.670485
-2.628058
-4.112049
-2.244206
-4.048938
-3.697003
-4.091579
-4.270776
-2.763183
-2.827605
0.000528
-3.156655
-2.670813
-3.565479
-2.209239
-3.142583
-3.568410
-4.780618
0.164382
-1.314998
-2.647048
-2.979969
0.546401
-0.803036
-0.428506
-3.318268
-5.243116
-0.716885
-2.722464
-3.013637
-2.144267
-1.141115
-4.556748
-0.599198
-2.654730
-0.119453
-1.903498
-1.875078
-2.368491
-4.416584
-2.287045
-0.160642
-1.281415
-2.268791
-0.843749
-3.891880
-1.045581
-2.990688
-3.921896
-3.709845
-3.036739
-3.524625
-3.477166
-3.811861
0.018851
-3.795963
-6.263903
-2.272333
-2.972142
0.422068
-0.512140
-5.183524
-1.511027
-1.850629
-0.069973
-3.679662
-3.426363
-1.782243
-1.507961
-1.383114
-1.160422
-3.137234
-1.046893
-1.086855
-4.327110
1.384149
-4.295447
-2.476289
-1.631916
-1.542619
-4.362649
1.054604
-0.917123
-2.408200
-1.725604
-3.710639
-1.077921
-5.468147
-1.189203
-4.654909
-2.981496
-0.042673
2.504090
-2.395314
-3.338471
-0.647822
-3.186998
-3.196356
-7.672881
-3.543703
-4.307469
-5.865170
-3.797822
-2.348409
-3.497820
-3.089071
-2.159092
-3.783653
2.410641
-0.303509
-0.243803
-7.881966
-3.141572
-5.270475
-2.811167
-3.081654
-4.623793
-1.873630
-1.717655
-4.140911
-2.245464
-1.150930
-2.122413
-2.986376
1.223851
-1.996385
-2.299339
-1.596127
-1.845714
-2.482747
-0.733979
0.020447
-0.847853
-2.670734
-2.747511
-3.601138
-2.805069
2.703902
-4.332098
-5.460159
-1.609696
-4.319195
-3.374291
-4.189160
-0.439992
-1.458142
-3.649856
-0.542720
-5.423788
-1.664507
1.460182
0.132060
-0.213435
-0.660074
-1.979639
-2.915921
-1.038817
-5.104141
0.279947
-3.284051
-1.078632
-2.920244
0.388575
-3.358861
-0.413182
-4.085238
-0.673494
-3.999477
-3.923753
-2.661754
-1.855473
-1.608188
-2.927941
-1.689003
2.198251
-3.335239
-0.549588
-3.010414
-0.199574
-3.192201
-0.817413
-3.940888
-4.932107
-1.537809
-0.851340
-1.452690
-2.470675
-0.632979
-0.342178
0.757200
0.706631
-8.177054
-5.435699
-4.719731
-2.429796
-3.087616
-2.952550
-1.846620
-1.715833
-1.883658
-2.343609
1.989392
-2.164298
-1.600210
-3.596944
-1.491130
-6.123153
-0.756463
2.333749
-3.042614
-4.352183
-0.180487
-5.181445
-2.777184
-4.735545
-2.040745
-4.869328
-3.647103
-6.022027
-0.562042
-2.740228
-3.132584
-7.691076
-2.963729
-0.442062
-2.699889
-1.876361
-2.396876
-3.123939
-4.570395
-4.615917
-0.862062
-3.631055
-8.509506
-2.979023
-0.042999
-2.594168
-1.866228
-1.622826
-4.512967
-3.866131
-0.804026
-1.475778
-2.816331
-0.612331
-2.870136
-2.530907
-3.896363
0.856937
-2.948481
-4.460703
-3.465598
-2.990003
-1.513690
-1.156729
0.699634
-4.049480
-1.773631
-5.810128
-1.952020
0.443535
-0.570151
-0.142204
-0.748726
0.769441
-6.129805
-2.733748
-2.979091
-7.035659
-0.480518
0.337937
-2.930900
-1.547225
-0.977927
-2.963829
-4.218681
-0.708900
-2.124824
-5.479410
-4.499538
-3.800604
-3.686724
-6.846257
-4.008200
-4.982038
-5.747306
-1.616225
-3.296525
-4.732705
-4.898191
-3.309113
0.735555
-1.843600
-1.784301
-5.557173
-4.420422
0.201996
-5.690261
-0.408715
-6.344511
1.484013
-2.844283
-1.561358
4.262721
-1.186129
-0.503881
-2.571208
-4.969946
-3.319071
-4.776004
-5.525228
-3.680096
-4.523579
-2.255730
-1.971754
-4.204575
-3.373526
-0.283024
-2.438764
-2.531187
-2.486705
-2.046275
-1.347253
-0.590119
0.817027
-2.512129
-3.943875
-7.429864
-4.589714
-1.832128
-2.863511
-3.504898
-4.575021
-7.737568
0.130068
-1.973909
-0.509908
-1.188392
-1.802679
0.762278
-2.859099
-0.327440
-8.351275
-2.723128
-7.999346
-0.303304
-2.810508
-2.280736
-4.405466
-3.766866
-1.936300
-1.078553
-3.467175
-7.676215
-0.293122
-2.386380
-3.295369
-2.834517
-2.361760
-8.241860
-3.338492
-5.595714
-2.013230
-3.282499
-3.625094
-2.714173
-2.533606
-2.953812
-7.771517
-2.843919
-3.152793
-5.723626
-2.464958
0.978281
-3.784139
-2.420583
0.119116
-5.352791
1.945125
-2.211615
-1.659441
-4.064430
-2.944885
-2.942403
-3.784567
-3.474531
-1.793362
-2.616447
-1.534308
-4.611282
-0.470317
-2.402339
0.988466
-4.105202
-1.997043
-3.026133
-1.017448
-2.145380
-3.317381
-2.740675
-4.498739
-1.710427
-4.674388
-4.231840
-6.036839
0.208966
-1.313167
0.646053
-4.129417
-1.290856
1.867753
-3.007528
-6.492496
-3.965299
-1.315116
-0.587589
-1.151015
-2.047047
-3.515684
-4.975353
-6.032992
-2.492201
-2.927623
-1.640595
-3.535503
-1.323345
-2.249863
-6.060463
-2.360101
-4.126153
-3.786418
-1.380476
-0.627818
-1.534642
-2.791936
-5.766239
-3.349253
0.687394
-1.818425
-3.386362
-0.865376
0.191043
0.668690
-0.727153
-2.380584
-4.209886
-3.099616
-2.739180
-2.997309
-2.770955
-1.964313
-8.117993
-5.241111
-4.284106
-7.970369
-3.350649
-0.057194
-1.471597
-4.463800
-0.713954
-3.800973
-3.661262
-1.607422
-1.261481
-2.093939
-0.910466
0.198995
-3.421713
-1.481525
-2.209110
-7.802880
-3.626653
-1.751927
-3.375333
-0.022965
-0.168198
-4.383608
-1.131761
-4.845222
-2.857651
-1.546054
-5.937722
-3.499509
-1.054603
-6.361292
-1.071108
0.564053
-9.070264
-1.671029
-2.401263
-1.620455
0.233887
-1.383681
-1.905988
-1.292323
-6.327243
-3.175890
-6.209177
-1.384389
-2.007938
-1.439000
-2.944422
-4.045471
-4.017176
-1.335608
-3.791142
-2.034872
0.197707
-2.211492
-6.722694
-4.997736
-3.611229
-2.871839
-0.771917
-0.988407
0.332517
-3.403782
-1.918619
-0.128832
-7.882737
-1.890045
-2.263712
-2.149275
-4.917618
-3.296185
-1.311631
-2.554146
-1.647561
-0.476658
-0.519487
-5.267647
-7.774345
-3.841825
-1.953106
-2.809804
0.355239
-3.658756
-2.717038
-0.088105
-2.055151
-7.426018
-2.940130
-3.988396
-4.243122
-2.135159
-0.331753
0.992013
-7.326697
-1.254958
-0.440107
-3.761343
-2.417344
0.435556
-1.436320
-4.423855
-4.221811
-1.780125
-0.686578
-2.176556
-0.869029
-1.006317
-4.101721
-0.717692
-1.204058
-0.538514
0.337420
-2.267969
-0.713568
-2.456450
-3.941069
-1.781705
-4.264068
-2.113254
-0.151089
0.235437
-0.247229
-1.671555
-4.061305
-5.165752
-1.024805
-4.294773
-1.196817
-2.870983
-2.965889
-3.879085
-4.886886
-3.654424
1.837916
-3.132761
-3.480562
-3.375748
-5.194110
0.648682
-1.831981
-4.720313
-7.289401
-0.733406
-3.519432
-2.302237
-1.360999
-4.889985
-2.292430
-1.258350
-1.634886
-5.246612
-2.236235
-3.155818
-3.978642
2.400476
-1.512301
-2.934279
0.077813
-2.855359
-5.719049
-0.706790
-3.944643
-1.559784
-3.260547
-2.478191
-0.651964
-3.045854
-1.300126
-3.639724
-4.023054
-2.331779
-1.299257
-1.345866
0.640787
-3.147117
0.305597
-4.189479
-6.924075
-0.351403
-2.081907
-1.633675
0.111637
-5.457604
-3.543174
-0.566017
-0.309333
-6.321462
-1.093265
-4.129338
-1.744882
-6.731421
-6.337441
-0.716430
-0.213909
-2.385526
-0.504473
-2.103684
-5.552062
-2.480715
-2.136260
-3.019010
-3.259801
-0.516784
-3.191295
-0.464032
0.303638
-1.671769
-1.417623
-5.440253
-2.649545
-3.413957
-2.643781
-4.355475
-0.606315
-1.498908
-8.542700
-3.642024
-0.676937
-4.203815
-0.464714
-3.154845
-0.557007
-4.570974
-2.725636
-1.497094
-0.583847
-4.155559
-3.314900
0.881292
0.687371
-2.918546
-4.916880
-3.166063
-0.755583
0.313797
0.843402
-6.419942
-1.968554
-2.841077
-2.539753
-2.339774
-4.139240
-7.072125
-5.284079
-3.907982
-2.065742
-1.716477
-2.006444
-1.295852
-1.277971
-0.946905
-1.407717
1.325745
0.580461
-0.639920
-4.913209
-2.721910
-1.735951
-1.249637
-0.146825
-3.144884
-0.877575
-3.158730
-7.074404
-0.312240
-4.141410
-4.669809
-5.144592
-2.871667
-1.939132
-3.413581
0.564461
-1.602000
-1.424103
-1.257194
-1.263089
1.055616
-4.270191
-3.816975
-2.667673
-4.414368
-6.646874
-6.601105
-3.215211
-7.883270
-3.617691
-7.955125
-0.955965
-1.597037
-2.559504
-4.040833
-2.408544
-8.384916
-0.039310
-0.779503
-1.029933
-5.480734
-3.057027
1.280050
-4.437993
-3.417548
-3.209394
-1.144700
-3.287126
0.151978
-0.734488
-1.688078
-1.207806
-1.537306
-3.159593
0.616577
-4.012257
-2.735799
-4.891989
-3.245006
-4.442390
0.082225
-2.010481
-1.282314
-1.603713
-3.331802
-8.373589
-3.168548
-4.655955
-1.259390
-4.946234
-6.188309
-3.945428
-5.923664
-1.693569
-1.905166
-4.321037
-4.256810
-2.256989
0.023555
-3.242910
0.104441
-3.683570
-8.293236
-3.068062
-5.759620
-0.692179
-2.795983
-3.197553
-7.771923
-3.199867
0.182998
-2.041364
-2.092603
-4.985413
-1.087729
-2.041502
-2.819712
-1.114399
0.358337
-3.361892
-1.595867
-4.741454
0.531351
-0.967117
-4.845992
-1.784315
-1.260462
-5.045772
-4.869641
-3.397909
-1.089780
-1.720019
-3.772660
-4.408932
-3.613110
-3.466306
-2.416931
-0.129020
2.369881
-2.899954
-0.575767
-2.710857
-2.910261
-4.937551
-3.373985
-5.682030
-4.697554
-3.440238
-3.730716
-3.655059
-4.519492
-3.813983
-0.190307
-3.100964
1.610400
-3.618932
1.081055
-1.983133
-2.893047
-8.169951
-1.742810
-7.950738
-3.725664
-2.525584
-2.358890
-5.216086
-3.662126
-3.562303
-7.871296
-0.857228
-3.737465
-3.197030
-4.126468
-3.235291
-4.510299
-1.159258
-6.604657
-3.397628
-1.318151
-1.021560
-1.159682
-8.250445
-2.328003
-1.692753
-8.332719
-1.843093
-2.266350
-1.124964
-4.125118
-3.187542
-4.061161
-7.640427
-1.058614
-1.886121
-4.200925
-4.824354
-0.834739
-7.517453
-5.119351
-3.087234
-3.686445
-2.714668
-1.851408
-2.758863
-4.056173
-1.838620
-2.252078
-2.006604
-1.117748
0.511312
-7.170428
0.061836
-2.472823
-1.882581
-5.208709
-1.407818
-3.215248
-1.196163
-3.210078
-7.586656
-3.187655
-1.772859
-3.984489
-3.831787
-4.088995
-5.394220
-5.274663
-1.665990
-2.539817
-0.334763
-0.606855
-1.975304
-1.223168
-3.935063
-2.620266
0.478978
-1.537185
-2.117557
2.606814
-2.454034
-2.597972
